[ 4  9 15  4  5 10 15 53 21 26 14 13  8  5 10 11 17 18 12 52 52 23  4  4
  0 15  4 14  8  8  3  3 10  5 38 34 12  6 11 10  4 17 34 33 15  9  9 16
 16 47 48 44 49  5  4  0 13  5  4  9 10 16 16 26 14  5  4  0  0 10  9 14
 13  8 11  7  7  0 21  4  3 29 30 41 42 42 45 39 43  3  3 40 45 31 41 39
 39  3 43  3 38 41 42 42 27 30 40 29  3  3  3 45 45 48 49 49 13  3 10 16
 47 49 45 41 41 39 44 44 45 45 49 15  9  4 16 27 52 53 23 54  6 10 16 53
 52 52 15 51 51 51 52 53 23 54 54 16 16 53 52 15 15 52 53 23 54 54 16 22
 16 22 16 16 15 15 17 17  6 12 23 10 16 16 16 15 11 17  6  6 16 16 10  4
  4  4  4  4  0  0  0  0  6  5  3  3 14 38 10 37 32 33 33 28 34 23 81 33
  9 15 11  5 22 22 17 53 54 23 81 52 73 17 11 11 57 10 15 56  9  9 95 14
 10 11 12 19 20 21 28 71 72 72 55 55 23 13 13 70  7 21 12  5 71 62 58 55
 56 60 72 59 55 11 18  4 96 99 15 55 55 56 56 13 59 70 58 55 55 16  5  5
 12 13 27 35 36 37 38 31 32 33 34 34 34 35 36  7  7 24 14  6 16 17 33 32
 31 30 36 28 44 45 15  7  5  5  0 12 12 65 66 66 66 71 71 72 11 19  4 96
 18  5 47 31 43 44 42 42 71 23 48 48 19 19 38 42 38 39 40 34 41 41 32 25
 45 34 34 41 46 47 51 18 21 48 50 50 45 37 49 49 54 54 12 12  5  0 15 21
 42 43 37 30 38 38 36 28 28 28 44 44 38 40 41 42 40 39 30 44 36 43 44 45
 45 43 13 12  5  5 11 20 41 36 37 30 35 34 26 32 27 21 35 29 29 37 34 18
 37 81 32 32 26 17 17 30 36 36 12 11 23 10 34 16 39 38 44 45 45 45 48 48
 48 15  6  0  6  4 10 10 11 66 12 13 13  7 82 70 71 66 67 72 69 18 16 15
 14 56 30 31 71 71 56 55 60 60 61 61 64 13 63 59 60 71 71 55 70 59 16 17
  9 19  6 98  0 12 54 55 56 56 84 59 59 60 72 63 11  0  0  5 23 25 26 26
 26 24 31 30 30 32 32 32 30 30  4 13 19 20 47 47 51 51 55 50  5 11  7 14
 11  0  0 14  6 37 38 45 36 28 42 41 37 30 38 39 24 37 44 83 83 38 39 39
  8 37 43 35 45 46 47 17  0  0 12 72 73 76 81 74 74 51 85 14 69 11 11  0
  0 73 14  6 70 30 59 59 73 72 72 55 70  6  5  5 12 20 14 15  8 67 64 75
 68 71 67 74 80 68 65 66 61 16 15 13 54 84 55 70 23 70 59 59 50 56 56 70
 54 69 53 55 73 70 80 80 72 72 30 16 52 25  9  6 14 12  5 10 19 20 33 34
  7 25 34 14 41 41 11  7  5 11 37 32 27 28 29 30 30 30 30 29 13 30 31 31
 13 16 21 20 46 50 51 51 84 84 55 55 55 56 56 21 18 11 11 53 52 72 70 54
 57 57 52 52 17 25 53 10  4  4 10 17 40 37 32 34 35 29 30 30 38 28 28 28
 28  6 36 35 35 35 34 33 32 25 38 80 40 34 34 18 18 11 11  7 13 11 11  4
 13 37 38 31 31 32 32 30 17 13 26 33 34 35 35 26 26 32 32 18 24 30 25 32
 33 33 17 35 34 33 80 80 38 39 40 79 41 44 38 38 33 34 35 35 33 33 32 32
 31 31 33 33 34 35 35 16 33 33  9 31 31 32 33 34 35  6 34 33  9  9 31 11
 11 34  0]
